+---------------+------------------+------------------+--------------------+------------------+------------------+--------------+-------------+--------------+-------------+-----------------+--------------------+--------------+-------------+------------------+-----------------+--------------+--------------+--------------+-------------+-----------------+--------------------+--------------+-------------+------------------+-----------------+
|        country|    tmin_avg_value|    tmax_avg_value|   af_days_avg_value|    rain_avg_value|sunshine_avg_value|tmin_min_value|tmin_min_year|tmax_min_value|tmax_min_year|af_days_min_value|    af_days_min_year|rain_min_value|rain_min_year|sunshine_min_value|sunshine_min_year|tmin_max_value| tmin_max_year|tmax_max_value|tmax_max_year|af_days_max_value|    af_days_max_year|rain_max_value|rain_max_year|sunshine_max_value|sunshine_max_year|
+---------------+------------------+------------------+--------------------+------------------+------------------+--------------+-------------+--------------+-------------+-----------------+--------------------+--------------+-------------+------------------+-----------------+--------------+--------------+--------------+-------------+-----------------+--------------------+--------------+-------------+------------------+-----------------+
|         valley|  7.97840909090909| 14.52727272727273|0.011363636363636364| 52.95227272727274|220.63181818181826|           5.9|    1984 1996|          11.3|         1979|                0|1931 1932 1933 19...|          10.4|         1970|             154.2|             1970|          10.2|          2008|          17.7|         2008|                1|                1982|         127.1|         1993|             303.3|             1980|
|      stornoway|5.7958620689655165|12.219310344827583|  0.5379310344827586|63.333793103448286|192.37303370786518|           2.5|         1894|           9.4|         1923|                0|1874 1875 1878 18...|          12.8|         2008|              93.3|             1944|           8.0|1940 2008 2017|          14.8|         1901|                7|                1979|         153.2|         2011|             294.1|             1994|
|          tiree| 7.036363636363634|12.902272727272724|0.022727272727272728|59.820454545454545| 224.2384615384616|           5.0|         1979|          10.1|         1979|                0|1931 1932 1933 19...|          14.0|         1946|             102.0|             1970|           8.9|          2008|          15.3|    1959 2008|                1|           1943 1979|         174.3|         1986|             329.1|             1975|
|     eastbourne| 9.221666666666666|15.536666666666665|                 0.0|48.205000000000005|232.72499999999994|           7.0|         1996|          12.7|         1962|                0|1959 1960 1961 19...|           3.2|         1989|             139.1|             1984|          11.3|          2008|          18.9|         2008|                0|1959 1960 1961 19...|         109.5|         1981|             330.8|             1989|
|suttonbonington|6.6333333333333355|            16.145|                0.95| 48.12068965517242|177.50975609756097|           4.5|         1996|          13.7|         1983|                0|1960 1964 1966 19...|          10.6|         1990|             103.0|             1983|           8.7|          1999|          19.2|         2018|                7|                1996|         147.1|         1969|             263.3|             1989|
|       bradford| 6.625454545454543|14.921818181818182|  0.3181818181818182| 58.90092592592591|167.58648648648645|           4.6|         1926|          11.5|         1923|                0|1908 1910 1911 19...|           8.5|         1991|              89.4|             1983|           8.7|          2006|          18.6|         2018|                4|                1979|         123.5|         1967|             251.3|             2018|
|       chivenor| 8.509999999999996|           16.3975|                 0.0| 57.52833333333333|216.32000000000002|           6.2|         1996|          14.1|         1951|                0|1986 1987 1988 19...|           8.7|         1991|             164.0|             1969|          10.4|          1999|          19.6|         1989|                0|1986 1987 1988 19...|         125.4|         1969|             290.5|             1961|
|       leuchars| 5.780645161290322|13.922580645161291|  0.8548387096774194| 50.85322580645159|192.06129032258067|           3.8|         1975|          10.8|         1983|                0|1957 1958 1959 19...|          14.3|         1959|             101.5|             1983|           7.6|          2014|          16.6|         2018|                5|           1979 1995|         151.7|         1969|             245.5|             2001|
|   ballypatrick| 5.773584905660377|12.985185185185186|                0.74| 79.75333333333334|187.57692307692304|           2.9|         1984|          10.6|         1968|                0|1962 1963 1964 19...|          14.6|         1991|             114.6|             1972|           8.0|          2008|          16.0|         2018|                8|                1984|         204.8|         1993|             279.3|             1975|
|     newtonrigg| 5.628333333333333|14.899999999999999|                 1.2| 57.80862068965518|181.44347826086957|           3.0|         1975|          11.7|         1967|                0|1960 1961 1962 19...|          11.8|         1991|             108.4|             1976|           7.5|          1964|          18.3|         1992|                6|           1996 2010|         165.2|         1967|             252.6|             1975|
|   dunstaffnage| 6.808695652173911| 14.69111111111111| 0.45652173913043476| 84.48888888888891|195.85555555555553|           4.1|         1975|          11.7|         1979|                0|1972 1973 1976 19...|           7.5|         1984|             104.8|             1986|           8.7|          2008|          17.5|         2008|                3|                1995|         254.4|         2011|             270.6|             2000|
|      yeovilton| 7.025925925925925|16.642592592592596|  0.5555555555555556| 52.79074074074073|192.54857142857145|           4.9|         1996|          14.0|    1979 1996|                0|1966 1968 1970 19...|           5.7|         1990|             129.4|             1991|           9.3|          2008|          19.9|         1989|                4|           1979 1996|         171.3|         1979|             273.6|             1990|
|        paisley| 7.181666666666668|15.674999999999999| 0.13333333333333333| 70.49666666666666|181.31166666666664|           5.3|         1979|          13.2|         1967|                0|1959 1960 1961 19...|           7.0|         1978|              90.2|             1983|           8.8|          2008|          18.5|         2001|                2|           1962 2015|         165.6|         1986|             253.1|             2017|
|         oxford|7.2216867469879515|16.760240963855402| 0.40963855421686746|53.256024096385545|191.63777777777779|           4.7|         1876|          12.9|         1879|                0|1853 1858 1859 18...|           4.6|         1895|              98.3|             1981|           9.7|     1999 2012|          20.4|         1868|                5|                1941|         139.1|         1932|             300.8|             1989|
|       shawbury| 6.351612903225806|15.925806451612905|  1.0161290322580645|54.678082191780824|182.05205479452053|           4.1|    1975 1996|          13.4|         1996|                0|1958 1960 1962 19...|           8.4|         1956|             111.3|             1981|           8.4|          1999|          18.7|         2018|                9|                1996|         172.7|         1969|             257.1|             1989|
|        ringway| 7.371428571428572|15.741071428571432| 0.16071428571428573| 60.25909090909091|186.80847457627118|           5.2|         1996|          13.4|         1979|                0|1949 1950 1952 19...|           8.3|         1991|             111.4|             1991|           9.5|     1964 1999|          18.7|         1992|                2|           1967 1979|         144.4|         1967|             257.9|             1989|
|     cwmystwyth| 5.521568627450979|13.920833333333334|                 2.0|104.87200000000001|161.12549019607843|           2.9|         1979|          10.9|         1979|                0|1970 1978 1983 19...|          27.1|         1991|              77.3|             1999|           7.7|          1999|          17.2|         2008|                7|           1979 1996|         247.0|         1979|             257.0|             1977|
|       camborne| 8.575000000000001|             14.26|                 0.0|62.942499999999995|           208.675|           5.8|         1979|          12.4|    1979 1996|                0|1979 1980 1981 19...|           5.8|         1991|             121.8|             1981|          10.3|          2008|          16.8|         1989|                0|1979 1980 1981 19...|         162.9|         1993|             283.9|             1997|
|         whitby| 6.897674418604652|13.897619047619049| 0.32558139534883723| 43.43023255813953| 204.2674418604652|           5.1|         1984|          10.3|         1984|                0|1976 1977 1978 19...|          10.1|         2001|             131.5|             1983|           8.9|          2017|          17.0|         2018|                3|           1984 2010|         106.0|         1979|             272.7|             2001|
|    southampton| 7.808333333333333|17.102083333333336|  0.0979020979020979| 51.35724137931036| 213.9572916666667|           5.2|         1876|          13.7|         1879|                0|1857 1858 1859 18...|           4.1|         1989|             109.4|             1932|          10.5|          1998|          20.8|         1998|                2|      1855 1856 1877|         144.8|         1932|             326.6|             1909|
|      aberporth| 7.724675324675325| 13.88311688311688|                 0.0| 57.34999999999999|209.60526315789465|           5.4|    1979 1996|          11.6|         1979|                0|1957 1958 1959 19...|           9.4|         1991|             137.9|             1983|           9.6|          2008|          16.6|         1992|                0|1957 1958 1959 19...|         120.6|         2002|             297.5|             1948|
|           hurn| 6.927419354838711| 16.68548387096774|  0.8387096774193549|52.540322580645146|209.75200000000004|           4.7|         1996|          13.6|         1962|                0|1958 1960 1963 19...|          10.7|         1991|             141.6|             1981|           9.1|          2008|          19.9|         1989|                6|           1979 1982|         124.5|         1967|             317.4|             1989|
|         durham| 5.507194244604316|14.536690647482008|  1.1007194244604317| 49.92589928057553| 166.9827272727273|           3.1|         1885|          11.0|         1902|                0|1883 1884 1889 18...|           7.7|         1989|              86.6|             1932|           8.0|          2017|          18.2|         2018|                5|           1885 1894|         154.0|         1924|             258.8|             1971|
|      rossonwye| 7.261363636363639|16.603409090909096| 0.32954545454545453| 57.76136363636362|188.46931818181818|           4.7|         1941|          13.9|         1941|                0|1931 1933 1934 19...|           7.1|         1991|              99.5|             1981|           9.6|          2008|          19.9|         1992|                4|           1941 1979|         157.0|         1967|             285.3|             1992|
|        braemar| 3.554237288135592|13.286440677966105|   4.813559322033898| 62.04561403508773|168.99130434782606|           1.6|         1982|           9.5|         1968|                0|           1964 1970|          12.2|         1994|              75.5|             1983|           5.2|          1970|          16.9|         2018|               13|                1982|         131.4|         1969|             265.2|             1992|
|      cambridge| 7.089999999999998|             16.88|                 0.4|46.679310344827606| 188.1038461538462|           4.3|         1996|          13.9|         1996|                0|1959 1960 1961 19...|           6.1|         1989|             114.5|             1991|           8.8|          2017|          19.8|         1992|                6|                1996|         124.3|         2007|             269.1|             1989|
|        cardiff| 8.234146341463415| 17.10487804878049| 0.17073170731707318| 75.25853658536583|188.41666666666663|           5.9|         1979|          13.9|         1979|                0|1978 1980 1981 19...|           3.5|         1991|              96.3|             1983|          10.4|          1998|          19.9|    1989 1990|                5|                1979|         159.2|         2006|             270.0|             1990|
|    eskdalemuir| 4.119047619047619|13.729523809523817|  3.6307692307692307| 96.36388888888892|165.39777777777778|           1.8|    1915 1975|          10.6|         1923|                0| 1961 1964 1970 2009|           4.1|         1984|              78.8|             1969|           6.6|          2008|          16.6|         1959|                9|                1975|         257.5|         1986|             267.7|             1935|
|      sheffield| 7.041481481481482|15.462962962962964| 0.07407407407407407| 59.29044117647057| 174.6044444444445|           4.4|         1885|          11.9|         1902|                0|1883 1884 1885 18...|           9.7|         1935|              86.4|             1932|           9.0|1952 1999 2017|          19.4|         2018|                1|1891 1894 1914 19...|         181.0|         1886|             283.8|             1989|
|    wickairport|5.4295238095238085|11.319230769230773|  1.1363636363636365|46.897142857142846|170.39795918367344|           3.4|         1996|           8.9|         1927|                0|1931 1932 1936 19...|           9.2|         2008|              89.4|             1969|           7.4|          2017|          13.7|         2017|                8|                1979|         124.6|         1931|             252.9|             1948|
|        lerwick|5.2681818181818185|10.384090909090913| 0.48863636363636365| 57.24886363636363|165.00568181818187|           3.3|         1955|           8.3|         1979|                0|1931 1932 1933 19...|           7.4|         2008|              74.5|             1933|           7.2|          2017|          12.8|         2018|                4|      1957 1967 1979|         131.2|         2015|             271.5|             1948|
|      lowestoft| 7.790000000000003|14.652525252525257| 0.08045977011494253| 42.36938775510203|209.03655913978488|           5.8|         1955|          11.3|         1984|                0|1931 1932 1933 19...|           1.4|         1940|             118.2|             1984|          10.0|          1999|          17.9|         2011|                1|1935 1941 1944 19...|         150.0|         2007|             289.0|             1922|
|          nairn| 5.740229885057472|13.882758620689655|  0.8295454545454546|           46.8125| 175.3395348837209|           3.3|         2013|          10.7|         1968|                0|1934 1939 1940 19...|           4.4|         1984|              81.6|             1983|           7.6|     1952 1956|          16.9|         2017|                5|      1942 1982 2013|         115.7|         1997|             245.9|             2009|
|         armagh| 6.324025974025974|15.328571428571422| 0.35714285714285715| 59.35481927710843| 176.1573033707866|           3.8|         1894|          12.5|         1923|                0|1865 1866 1867 18...|           6.6|         1991|             109.2|             1970|           8.5|          1999|          18.5|         2017|                4|           1894 1979|         147.9|         1916|             251.6|             1935|
|       heathrow| 8.359154929577462| 17.60845070422535| 0.05714285714285714| 48.79295774647888|193.93064516129033|           5.9|         1996|          14.9|         1984|                0|1949 1950 1951 19...|           4.1|         1990|             112.0|             1981|          10.5|          2008|          21.0|    1989 1992|                2|                1979|         103.2|         1955|             310.1|             1989|
|        manston| 8.085526315789473|15.589473684210526| 0.08620689655172414| 43.07368421052631| 221.1596774193548|           6.2|         1941|          12.2|    1935 1984|                0|1961 1962 1963 19...|           0.4|         1989|             125.0|             1984|          10.4|          2008|          18.4|         1992|                3|                1979|         162.4|         2008|             326.3|             1989|
|     waddington| 6.965277777777781|15.818055555555553| 0.17142857142857143|48.477777777777774|201.06111111111102|           4.5|         1955|          13.2|         1975|                0|1949 1950 1951 19...|           6.0|         1970|             123.2|             1983|           8.9|          2017|          19.8|         1947|                3|                1979|         118.2|         2014|             290.9|             1989|
+---------------+------------------+------------------+--------------------+------------------+------------------+--------------+-------------+--------------+-------------+-----------------+--------------------+--------------+-------------+------------------+-----------------+--------------+--------------+--------------+-------------+-----------------+--------------------+--------------+-------------+------------------+-----------------+

